Demand name,Path_0,Path_1,Path_2,Path_3,Path_4,Path_5,Path_6,Path_7,Path_8,Path_9
Essen_Duesseldorf,0.8180962442912598,0.0628861933239367,0.1190175623848034
Essen_Koeln,0.07653902816162106,0.456373650166867,0.467087321671512
Essen_Dortmund,0.03598076795622117,0.6571251706903443,0.30689406135343456
Essen_Aachen,0.6827366607705104,0.042228858914984416,0.27503448031450517
Essen_Muenster,0.25874246720676813,0.6616852317763408,0.0795723010168911
Essen_Koblenz,0.8212490978710301,0.07721551673402612,0.1015353853949438
Essen_Siegen,0.0032903546778581916,0.6768082319107617,0.31990141341138006
Essen_Wesel,0.8479954703361116,0.12564628347715176,0.026358246186736805
Essen_Berlin,0.06734358295171519,0.41076618634041406,0.5218902307078708
Essen_Leipzig,0.2286133811530387,0.16121765210043273,0.6101689667465284
Essen_Dresden,0.011433901306961999,0.6677955302469922,0.32077056844604585
Essen_Erfurt,0.06483624405279416,0.35790687775903046,0.5772568781881754
Essen_Chemnitz,0.02735417501904853,0.4473957666542985,0.525250058326653
Essen_Schwerin,0.316045122475727,0.5228148258745123,0.16114005164976064
Essen_Magdeburg,0.5786697403094833,0.08517148939123097,0.33615877029928576
Essen_Hamburg,0.3264521798365789,0.09806786044638247,0.5754799597170386
Essen_Bremen,0.3384484263685503,0.5688157184830746,0.09273585514837517
Essen_Kiel,0.3067763984611653,0.6880626933591927,0.005160908179642234
Essen_Norden,0.6940602018926111,0.30593979810738897
Essen_Hannover,0.33558079358449594,0.08543667094391787,0.5789825354715862
Essen_Bielefeld,0.6936260066095802,0.3015780088133182,0.004795984577101692
Essen_Osnabrueck,0.10539353404243959,0.5803938461749212,0.31421261978263937
Essen_Frankfurt,0.4489437027497272,0.1354646996334365,0.4155915976168363
Essen_Darmstadt,0.6516249394382695,0.32226049083324376,0.026114569728486876
Essen_Mannheim,0.4290057137364572,0.17624640469704608,0.3947478815664968
Essen_Saarbruecken,0.19220628878354004,0.6914300644624347,0.11636364675402525
Essen_Stuttgart,0.6853818593201103,0.31084476674846334,0.003773373931426399
Essen_Karlsruhe,0.5900885544848707,0.3174060884753267,0.09250535703980264
Essen_Muenchen,0.017427211871743217,0.7865773976108047,0.1959953905174521
Essen_Augsburg,0.7811492730986718,0.0038785065011741437,0.21497222040015412
Essen_Nuernberg,0.25662998432247713,0.11154264768775789,0.631827367989765
Essen_Wuerzburg,0.7911866482498928,0.005965826854029057,0.2028475248960783
Duesseldorf_Koeln,0.9027048317579903,0.0607823417695486,0.036512826472461124
Duesseldorf_Dortmund,0.31289587752606346,0.5592533682093476,0.12785075426458908
Duesseldorf_Aachen,0.2924795643361429,0.13323004338251732,0.5742903922813398
Duesseldorf_Muenster,0.42119834789224864,0.050974939850554055,0.5278267122571974
Duesseldorf_Koblenz,0.0512567280163228,0.1195165859515708,0.8292266860321064
Duesseldorf_Siegen,0.03283698111915755,0.5471978970059502,0.41996512187489216
Duesseldorf_Wesel,0.1961677620093992,0.29263562975131224,0.5111966082392886
Duesseldorf_Berlin,0.3638082555885038,0.2308888338068508,0.40530291060464546
Duesseldorf_Leipzig,0.12470348146652246,0.21699145838454872,0.6583050601489289
Duesseldorf_Dresden,0.8787631295840991,0.013208817161242052,0.10802805325465885
Duesseldorf_Erfurt,0.2130109978316381,0.5999903420696482,0.18699866009871371
Duesseldorf_Schwerin,0.22250137165034758,0.3649061974771564,0.41259243087249603
Duesseldorf_Magdeburg,0.22888590980960413,0.397612867639703,0.3735012225506929
Duesseldorf_Greifswald,0.7282088187173924,0.08762207528847656,0.18416910599413108
Duesseldorf_Hamburg,0.4110286078824821,0.490504597959549,0.09846679415796895
Duesseldorf_Bremen,0.019873307229337896,0.6151755940085633,0.3649510987620989
Duesseldorf_Kiel,0.11699776556308115,0.2989920572796678,0.584010177157251
Duesseldorf_Oldenburg,0.848838996905757,0.0556460472145068,0.09551495587973632
Duesseldorf_Flensburg,0.15278145863710751,0.7976825836664152,0.04953595769647733
Duesseldorf_Bremerhaven,0.2167834442364411,0.08734940417739928,0.6958671515861595
Duesseldorf_Norden,0.8879996612510952,0.11200033874890479
Duesseldorf_Hannover,0.25377296326426696,0.0805625381139953,0.6656644986217377
Duesseldorf_Bielefeld,0.2226201139939515,0.04065495209881086,0.7367249339072377
Duesseldorf_Braunschweig,0.8056271248151791,0.12244146876100309,0.07193140642381787
Duesseldorf_Osnabrueck,0.7348823073688011,0.20345842250039878,0.061659270130800116
Duesseldorf_Kassel,0.091319068759711,0.8628393677516486,0.04584156348864049
Duesseldorf_Frankfurt,0.14968286347006973,0.19019213744166116,0.660124999088269
Duesseldorf_Darmstadt,0.2589972642688504,0.010271425392355014,0.7307313103387947
Duesseldorf_Mannheim,0.5291149652214394,0.010138708129143222,0.46074632664941734
Duesseldorf_Giessen,0.6575813925785023,0.2896685223364844,0.052750085085013255
Duesseldorf_Trier,0.38758806563297044,0.238878035719342,0.3735338986476876
Duesseldorf_Fulda,0.6244463395762669,0.3255226732337203,0.05003098719001278
Duesseldorf_Saarbruecken,0.3942434453369784,0.5895323621638912,0.016224192499130374
Duesseldorf_Stuttgart,0.2440537189187017,0.6628614982687615,0.09308478281253692
Duesseldorf_Karlsruhe,0.6207445612155883,0.3620436494215605,0.017211789362851265
Duesseldorf_Ulm,0.39819288092292227,0.3329790568784971,0.2688280621985806
Duesseldorf_Freiburg,0.31472751059076653,0.6207947510423144,0.06447773836691899
Duesseldorf_Muenchen,0.7082848837676559,0.21030010522057746,0.08141501101176682
Duesseldorf_Augsburg,0.1818000006908778,0.7461067375415859,0.07209326176753635
Duesseldorf_Nuernberg,0.8513976255452919,0.01248277349486827,0.13611960095983988
Duesseldorf_Wuerzburg,0.0855415964090595,0.46019427008875735,0.4542641335021831
Duesseldorf_Regensburg,0.4421365413996491,0.5101964743091187,0.04766698429123215
Koeln_Dortmund,0.4813196802622152,0.13112377770862774,0.387556542029157
Koeln_Aachen,0.41455659530338856,0.4777071473542011,0.10773625734241038
Koeln_Muenster,0.8150622922872359,0.07983916435274321,0.10509854336002074
Koeln_Koblenz,0.42689555977878435,0.09898010922722893,0.47412433099398665
Koeln_Siegen,0.669395027910271,0.11406991382923097,0.21653505826049818
Koeln_Wesel,0.8741332760721036,0.09447656418428532,0.031390159743610986
Koeln_Berlin,0.14496140957339435,0.4205160051163259,0.4345225853102797
Koeln_Leipzig,0.23680644488423905,0.7615792631901684,0.0016142919255925827
Koeln_Dresden,0.21328266283644978,0.41886578994192214,0.36785154722162816
Koeln_Erfurt,0.01665240770799913,0.763902203515383,0.21944538877661776
Koeln_Chemnitz,0.7232928325764855,0.06829895088004002,0.20840821654347452
Koeln_Schwerin,0.009564808229864925,0.07242841724813877,0.9180067745219964
Koeln_Magdeburg,0.7030066864543564,0.2710211338918778,0.025972179653765814
Koeln_Hamburg,0.6718070685999104,0.011881427281984902,0.3163115041181048
Koeln_Bremen,0.34706142355229946,0.4544971114657448,0.19844146498195572
Koeln_Kiel,0.8813203687567965,0.02636456105844182,0.09231507018476166
Koeln_Oldenburg,0.05628531661331679,0.3792504069742597,0.5644642764124236
Koeln_Bremerhaven,0.49371082854653137,0.49783599992862865,0.008453171524839907
Koeln_Norden,0.7766744344679709,0.0589623916803294,0.16436317385169957
Koeln_Hannover,0.06092591157177885,0.5366500225460513,0.40242406588216983
Koeln_Bielefeld,0.3412356994487053,0.17379805264583972,0.484966247905455
Koeln_Braunschweig,0.1162702219261358,0.1753979760952777,0.7083318019785866
Koeln_Osnabrueck,0.24040589859708664,0.059124416844630656,0.7004696845582827
Koeln_Kassel,0.3042427278547093,0.3643788417379605,0.3313784304073302
Koeln_Frankfurt,0.0241884175342779,0.5343417759563526,0.4414698065093695
Koeln_Darmstadt,0.4692408793651858,0.08833165660967372,0.4424274640251404
Koeln_Mannheim,0.5999374751326939,0.2923712503521317,0.10769127451517432
Koeln_Kaiserslautern,0.07253010173825646,0.7183461442583943,0.20912375400334934
Koeln_Giessen,0.09710543046343129,0.741703881067612,0.16119068846895668
Koeln_Trier,0.7917564905839851,0.1951975113993165,0.013045998016698413
Koeln_Fulda,0.3976240838478409,0.5835028027068895,0.01887311344526957
Koeln_Saarbruecken,0.7511193600088948,0.18990548602163937,0.05897515396946591
Koeln_Stuttgart,0.6864552968856236,0.05115889003241115,0.2623858130819653
Koeln_Karlsruhe,0.014236424331937737,0.7351442181307942,0.2506193575372681
Koeln_Ulm,0.6793533440302059,0.010362064191990799,0.3102845917778034
Koeln_Konstanz,0.6499240791510711,0.21769858560713537,0.13237733524179351
Koeln_Freiburg,0.36335029717894046,0.5605843895164218,0.0760653133046377
Koeln_Muenchen,0.3131871913354905,0.5778025230677076,0.10901028559680186
Koeln_Augsburg,0.033187400567094294,0.5160274088570443,0.4507851905758615
Koeln_Kempten,0.3257845941774428,0.07621884309163506,0.597996562730922
Koeln_Nuernberg,0.39508181850222224,0.531919955086801,0.07299822641097668
Koeln_Bayreuth,0.12437813633654535,0.12676674298018606,0.7488551206832685
Koeln_Wuerzburg,0.6014684274567275,0.07281632242628348,0.32571525011698893
Koeln_Regensburg,0.03281545915620023,0.5367109832644446,0.4304735575793551
Dortmund_Aachen,0.10322062873896781,0.2309541458521895,0.6658252254088426
Dortmund_Muenster,0.9134664878649058,0.07231662795835311,0.014216884176741112
Dortmund_Koblenz,0.088495195577166,0.16221881737682806,0.7492859870460059
Dortmund_Siegen,0.7671532621024076,0.19585865717390535,0.03698808072368708
Dortmund_Wesel,0.7649720193057212,0.19065090677011037,0.04437707392416844
Dortmund_Berlin,0.19224176947539975,0.08267979536254896,0.7250784351620513
Dortmund_Leipzig,0.09883268770903436,0.7911233481324452,0.1100439641585204
Dortmund_Dresden,0.21260303237870537,0.05104465450576899,0.7363523131155257
Dortmund_Erfurt,0.547256025679647,0.4153459757897952,0.037397998530557745
Dortmund_Chemnitz,0.9106150042869953,0.016279973930672303,0.0731050217823324
Dortmund_Schwerin,0.13787293844897927,0.054104006890641196,0.8080230546603795
Dortmund_Magdeburg,0.1356975614245753,0.18354138304602277,0.680761055529402
Dortmund_Greifswald,0.17742849371657343,0.5451875720862056,0.27738393419722096
Dortmund_Hamburg,0.2883985758223347,0.04033151596898935,0.671269908208676
Dortmund_Bremen,0.10301784337464397,0.14547079083531447,0.7515113657900415
Dortmund_Kiel,0.29319551405568867,0.09880091383264694,0.6080035721116643
Dortmund_Oldenburg,0.5246979247799543,0.1891642068539063,0.28613786836613936
Dortmund_Flensburg,0.3328516104290702,0.5886397370448563,0.07850865252607343
Dortmund_Bremerhaven,0.5840328387686361,0.09370774347761025,0.3222594177537536
Dortmund_Norden,0.13416702881362952,0.15807014035953137,0.7077628308268391
Dortmund_Hannover,0.023587236445475227,0.632973494168865,0.34343926938565983
Dortmund_Bielefeld,0.08194254490399823,0.5929278142429879,0.3251296408530137
Dortmund_Braunschweig,0.09327414813808284,0.3302558729934792,0.5764699788684379
Dortmund_Osnabrueck,0.74717788440214,0.14095382210693153,0.11186829349092842
Dortmund_Kassel,0.5551706200237218,0.18309067524948197,0.2617387047267962
Dortmund_Frankfurt,0.0024595896811505508,0.6679807025333809,0.32955970778546856
Dortmund_Darmstadt,0.5340437908607895,0.38687344760033177,0.07908276153887873
Dortmund_Mannheim,0.04156944793273047,0.16331439830929098,0.7951161537579786
Dortmund_Giessen,0.6862562675577385,0.2446571089180042,0.0690866235242573
Dortmund_Fulda,0.2446438568853173,0.056150614237474125,0.6992055288772085
Dortmund_Saarbruecken,0.4366508156016234,0.06776941798672359,0.495579766411653
Dortmund_Stuttgart,0.09283938439064549,0.2959505009292631,0.6112101146800913
Dortmund_Karlsruhe,0.29592277199278166,0.26187634200005205,0.44220088600716634
Dortmund_Ulm,0.11507040263784113,0.20482620101762064,0.6801033963445382
Dortmund_Freiburg,0.262315078977264,0.0718830039435826,0.6658019170791533
Dortmund_Muenchen,0.5255990504679517,0.46388931777508596,0.01051163175696228
Dortmund_Augsburg,0.384709322508109,0.01633401375552921,0.5989566637363617
Dortmund_Nuernberg,0.3975356803417038,0.09564144316336683,0.5068228764949293
Dortmund_Wuerzburg,0.3856558239318174,0.5159961269431218,0.09834804912506072
Aachen_Muenster,0.1219397553921073,0.561575152810725,0.31648509179716783
Aachen_Koblenz,0.2336173594603169,0.6946200960049389,0.07176254453474412
Aachen_Wesel,0.5580113982075545,0.11981091195636448,0.322177689836081
Aachen_Berlin,0.29734130404793124,0.6299724553674985,0.07268624058457042
Aachen_Dresden,0.5054643705774229,0.47238827484261364,0.02214735457996356
Aachen_Erfurt,0.28672056203653684,0.3156039215198085,0.3976755164436546
Aachen_Hamburg,0.06273465814824036,0.28452296331825755,0.652742378533502
Aachen_Bremerhaven,0.1144811834666626,0.12543256765775684,0.7600862488755806
Aachen_Norden,0.5206348815006195,0.4793651184993804
Aachen_Osnabrueck,0.09421746933465365,0.21318085564168213,0.6926016750236643
Aachen_Frankfurt,0.5838541460252568,0.415044784013173,0.00110106996157019
Aachen_Kaiserslautern,0.19387918739596016,0.6546209288338283,0.1514998837702116
Aachen_Trier,0.6303947812430831,0.3298537622232753,0.039751456533641566
Aachen_Fulda,0.7014633200017126,0.25064111746403395,0.04789556253425336
Aachen_Saarbruecken,0.19811216321726968,0.41031486167082515,0.3915729751119051
Aachen_Konstanz,0.34906393880429515,0.21089651576611276,0.44003954542959195
Aachen_Freiburg,0.0036654584712137337,0.2847366019893158,0.7115979395394705
Aachen_Nuernberg,0.03542441142039439,0.6659384611835634,0.29863712739604226
Muenster_Siegen,0.16204121359113066,0.013546734051235803,0.8244120523576335
Muenster_Wesel,0.5413954485526828,0.0698240723912989,0.3887804790560183
Muenster_Berlin,0.37235512575824437,0.4653018728679481,0.16234300137380756
Muenster_Schwerin,0.837134653250424,0.0798461597136377,0.08301918703593834
Muenster_Hamburg,0.44163817271793787,0.03938334593128643,0.5189784813507756
Muenster_Bremen,0.03843603466737441,0.7097491880325217,0.25181477730010393
Muenster_Bremerhaven,0.000368594346705961,0.7370619438604111,0.2625694617928831
Muenster_Norden,0.27925032361916624,0.6329617376809887,0.08778793869984505
Muenster_Hannover,0.5445805764985457,0.3748225334741178,0.0805968900273365
Muenster_Bielefeld,0.2023149779038488,0.16151236073010475,0.6361726613660464
Muenster_Osnabrueck,0.27103304992074806,0.15539600462894262,0.5735709454503092
Muenster_Kassel,0.6572620192311314,0.34033946863744824,0.0023985121314202187
Muenster_Frankfurt,0.6406994983894058,0.2379708944667974,0.12132960714379701
Muenster_Fulda,0.015401117020128766,0.2944940587775911,0.6901048242022801
Muenster_Konstanz,0.32482637334779246,0.5889040789257323,0.08626954772647526
Muenster_Nuernberg,0.23391803388534838,0.07437700649235873,0.691704959622293
Koblenz_Siegen,0.37626888279199827,0.5775752875498598,0.04615582965814206
Koblenz_Berlin,0.052227639634570416,0.26279841951826116,0.6849739408471683
Koblenz_Dresden,0.4684255386099559,0.38640931046536064,0.1451651509246835
Koblenz_Hamburg,0.693958586004689,0.10066129683335547,0.2053801171619555
Koblenz_Bremerhaven,0.059530615372708845,0.8304712672523005,0.10999811737499067
Koblenz_Norden,0.20172782657070562,0.6165906494643731,0.1816815239649213
Koblenz_Bielefeld,0.8600040003589006,0.023704761458084884,0.11629123818301462
Koblenz_Osnabrueck,0.01052982632387788,0.5413770295134129,0.44809314416270923
Koblenz_Kassel,0.1844134352758155,0.06635990306261264,0.7492266616615718
Koblenz_Frankfurt,0.04066821814208757,0.5906936595789858,0.36863812227892667
Koblenz_Darmstadt,0.5185699315112485,0.38936891686546937,0.09206115162328204
Koblenz_Mannheim,0.24385476265264586,0.038116404197474904,0.7180288331498792
Koblenz_Kaiserslautern,0.03158965144787854,0.6992758634858335,0.26913448506628795
Koblenz_Giessen,0.10034581033141966,0.8900687975698649,0.009585392098715544
Koblenz_Trier,0.21239985438207043,0.7810855436817438,0.006514601936185814
Koblenz_Fulda,0.2472392120565651,0.08806201831596235,0.6646987696274725
Koblenz_Saarbruecken,0.1954469164363953,0.22940741412958873,0.5751456694340159
Koblenz_Konstanz,0.2852246433406367,0.01683025530509114,0.6979451013542721
Koblenz_Wuerzburg,0.8511303390103668,0.1026946268773314,0.04617503411230164
Siegen_Berlin,0.13641233194136396,0.25307985879336997,0.6105078092652662
Siegen_Hamburg,0.6253792203039403,0.12366048240455248,0.25096029729150715
Siegen_Bremerhaven,0.42025410570477784,0.011574365886730862,0.5681715284084913
Siegen_Osnabrueck,0.06265941577392682,0.7194686612327822,0.21787192299329097
Siegen_Frankfurt,0.1897904139397113,0.010033049162869387,0.8001765368974193
Siegen_Mannheim,0.4885858569145263,0.36514261563270717,0.14627152745276653
Siegen_Giessen,0.22153026321643476,0.6526191284906998,0.12585060829286537
Siegen_Fulda,0.10436736389859612,0.05602026713224253,0.8396123689691612
Siegen_Saarbruecken,0.2972882122380231,0.11393159290254679,0.58878019485943
Siegen_Konstanz,0.5778494665139272,0.09789413965541675,0.3242563938306561
Siegen_Nuernberg,0.6437503941998547,0.15293810185197468,0.20331150394817063
Wesel_Berlin,0.20829751482208497,0.6891371700284663,0.10256531514944857
Wesel_Hamburg,0.02784122403291039,0.2815568836487927,0.6906018923182968
Wesel_Bremerhaven,0.20804791100625783,0.006476862010799845,0.7854752269829424
Wesel_Norden,0.6480046689191339,0.35199533108086606
Wesel_Bielefeld,0.4066244462465339,0.5387127221791351,0.05466283157433102
Wesel_Osnabrueck,0.3262880177248433,0.4136094646393439,0.26010251763581277
Wesel_Frankfurt,0.5352981487385271,0.08890897307901283,0.3757928781824601
Wesel_Fulda,0.28274465833560647,0.11053830995484064,0.6067170317095528
Wesel_Saarbruecken,0.16810645255695997,0.0034527296801893387,0.8284408177628506
Wesel_Konstanz,0.648386202083243,0.08317247510651136,0.26844132281024546
Berlin_Leipzig,0.7244512639950327,0.23283742135903618,0.0427113146459312
Berlin_Dresden,0.03439735411967397,0.2703134009846618,0.6952892448956642
Berlin_Erfurt,0.8079715411712615,0.0837819447199825,0.10824651410875606
Berlin_Chemnitz,0.2670050860966382,0.702032180720613,0.030962733182748788
Berlin_Schwerin,0.20433290127839718,0.11402313925425761,0.6816439594673452
Berlin_Magdeburg,0.823608364935906,0.03849640195370592,0.13789523311038812
Berlin_Greifswald,0.3255905376665741,0.6744094623334259
Berlin_Hamburg,0.18938917898953517,0.7502315950284614,0.06037922598200343
Berlin_Bremen,0.00919919942659371,0.6804656501074628,0.3103351504659433
Berlin_Kiel,0.3211274019166152,0.09469568654301044,0.5841769115403744
Berlin_Oldenburg,0.18542918840193232,0.7137099974415455,0.1008608141565221
Berlin_Bremerhaven,0.7335080708597912,0.1544845270725894,0.11200740206761933
Berlin_Hannover,0.18337830089386445,0.6844474902022862,0.13217420890384932
Berlin_Bielefeld,0.6046071499949284,0.3517744371143168,0.04361841289075479
Berlin_Braunschweig,0.24745182955273337,0.11093590609350797,0.6416122643537587
Berlin_Osnabrueck,0.23233362953269715,0.10558607971940658,0.6620802907478963
Berlin_Kassel,0.08451044049075661,0.19274460425096634,0.722744955258277
Berlin_Frankfurt,0.015366551343267617,0.7714585279090747,0.21317492074765776
Berlin_Darmstadt,0.6012771245692393,0.3107172376993669,0.08800563773139385
Berlin_Mannheim,0.2475346352736701,0.4615547348169504,0.29091062990937944
Berlin_Kaiserslautern,0.20263186555866347,0.5928011430619374,0.20456699137939904
Berlin_Giessen,0.39278860254670434,0.4578738366492317,0.14933756080406388
Berlin_Trier,0.20156442176222975,0.07276040765593161,0.7256751705818386
Berlin_Fulda,0.6373755394081426,0.27617601950948123,0.08644844108237612
Berlin_Saarbruecken,0.19113604600713985,0.35683814406719566,0.4520258099256645
Berlin_Stuttgart,0.30283961946109145,0.08732982321258126,0.6098305573263273
Berlin_Karlsruhe,0.5604164178281544,0.03796494209426431,0.4016186400775812
Berlin_Ulm,0.08668109514364884,0.22630489066977935,0.6870140141865718
Berlin_Konstanz,0.9665185585854426,0.0013937234236845676,0.03208771799087283
Berlin_Freiburg,0.08664462420884586,0.8268930486366843,0.08646232715446979
Berlin_Muenchen,0.7121893189048126,0.24332472408830763,0.04448595700687958
Berlin_Augsburg,0.5216935375013955,0.19926721294624075,0.2790392495523638
Berlin_Passau,0.3913180256885316,0.6053969982117993,0.003284976099669273
Berlin_Nuernberg,0.7752651237323682,0.17178894974742448,0.05294592652020735
Berlin_Bayreuth,0.06851534308624517,0.7235306031378416,0.20795405377591328
Berlin_Wuerzburg,0.6268088040406579,0.2905971943373717,0.08259400162197049
Leipzig_Dresden,0.6535131684572748,0.34536676784556725,0.0011200636971578802
Leipzig_Erfurt,0.7187233330285918,0.1543445430078447,0.12693212396356354
Leipzig_Chemnitz,0.3112755883525833,0.4084793122079542,0.2802450994394624
Leipzig_Schwerin,0.014419562583835085,0.276304623064063,0.7092758143521019
Leipzig_Magdeburg,0.25446089047452614,0.0023444465459770475,0.7431946629794969
Leipzig_Greifswald,0.7220382941910254,0.003984057627146049,0.27397764818182857
Leipzig_Hamburg,0.3295613709341293,0.6672193137526127,0.003219315313258066
Leipzig_Hannover,0.08802106083167972,0.6874004177262942,0.22457852144202606
Leipzig_Bielefeld,0.05372039377286108,0.47641769481816265,0.4698619114089764
Leipzig_Braunschweig,0.09284957456242617,0.23281044675067777,0.6743399786868961
Leipzig_Frankfurt,0.11443891081543357,0.5468601112829825,0.33870097790158393
Leipzig_Darmstadt,0.4088472451256382,0.006244686749385471,0.5849080681249764
Leipzig_Mannheim,0.7026517644445778,0.06829498184693276,0.22905325370848942
Leipzig_Stuttgart,0.17450672695292074,0.33221210520340816,0.49328116784367115
Leipzig_Karlsruhe,0.5641808924441226,0.3014586935551737,0.1343604140007036
Leipzig_Ulm,0.08107247303695567,0.480327752775893,0.43859977418715135
Leipzig_Muenchen,0.05453957238522085,0.7865128973396919,0.1589475302750872
Leipzig_Augsburg,0.14955706211818753,0.7457288395398982,0.10471409834191438
Leipzig_Nuernberg,0.42886195269350974,0.1443176156720729,0.42682043163441724
Leipzig_Wuerzburg,0.30934557230908777,0.653881379187457,0.03677304850345509
Dresden_Erfurt,0.804408981218728,0.05420769665793881,0.14138332212333327
Dresden_Chemnitz,0.006642309208201812,0.3418933639904817,0.6514643268013165
Dresden_Schwerin,0.38988425231922047,0.013958283294707314,0.5961574643860723
Dresden_Magdeburg,0.11276486338388957,0.07579521775702355,0.8114399188590868
Dresden_Greifswald,0.5121822283903663,0.48781777160963374
Dresden_Hamburg,0.13263808009125086,0.4286588922998363,0.4387030276089128
Dresden_Bremen,0.7623870487848834,0.051379130933747366,0.18623382028136926
Dresden_Kiel,0.3663206112204729,0.1952613367109321,0.4384180520685951
Dresden_Norden,0.3509813062931974,0.0692610415413009,0.5797576521655016
Dresden_Hannover,0.488393754530923,0.08574409574680718,0.4258621497222699
Dresden_Bielefeld,0.22475779335127832,0.28699664011870696,0.4882455665300147
Dresden_Braunschweig,0.2931606045663286,0.14602580705927604,0.5608135883743953
Dresden_Kassel,0.33972831244287743,0.12036918168676358,0.5399025058703589
Dresden_Frankfurt,0.31516802016747425,0.5941605802178592,0.09067139961466669
Dresden_Darmstadt,0.09342497725319629,0.1045786386340502,0.8019963841127534
Dresden_Mannheim,0.08259607104049481,0.5154735875045786,0.4019303414549265
Dresden_Trier,0.004175855606811753,0.6414527303014751,0.3543714140917131
Dresden_Stuttgart,0.10599435928989848,0.6085535281344843,0.2854521125756173
Dresden_Karlsruhe,0.4779308359386785,0.32655976100595674,0.19550940305536466
Dresden_Ulm,0.5128939644103978,0.24092458140073683,0.24618145418886536
Dresden_Konstanz,0.7969668891013165,0.051048282543863704,0.15198482835481963
Dresden_Freiburg,0.26952576316647864,0.6198168814239586,0.1106573554095627
Dresden_Muenchen,0.6933943461969971,0.12887737782158223,0.1777282759814205
Dresden_Augsburg,0.5529492436319969,0.059790997467209256,0.3872597589007937
Dresden_Nuernberg,0.6739037516080648,0.24511371226718856,0.0809825361247467
Dresden_Bayreuth,0.0010068565977568774,0.620162055261368,0.3788310881408751
Dresden_Wuerzburg,0.6965435045681537,0.05907349385267438,0.24438300157917178
Dresden_Regensburg,0.4818093324737343,0.4501507883195098,0.06803987920675592
Erfurt_Chemnitz,0.09849076952170865,0.18007142624925265,0.7214378042290388
Erfurt_Schwerin,0.5739577096474057,0.31887216713017125,0.1071701232224232
Erfurt_Magdeburg,0.0970556875916717,0.6416065081140887,0.26133780429423953
Erfurt_Hamburg,0.05369578663211724,0.19992721543186948,0.7463769979360133
Erfurt_Bremen,0.014014519037691488,0.9115007355376111,0.0744847454246973
Erfurt_Kiel,0.10976153924221954,0.26770847964251715,0.6225299811152633
Erfurt_Hannover,0.10367197548896076,0.6460196707813156,0.2503083537297237
Erfurt_Bielefeld,0.6444891794581381,0.07303087794410235,0.2824799425977595
Erfurt_Braunschweig,0.07188357892858797,0.2612037670216879,0.666912654049724
Erfurt_Kassel,0.1470785955871077,0.6514505797096835,0.2014708247032088
Erfurt_Frankfurt,0.4432060610407188,0.28884319493001687,0.26795074402926444
Erfurt_Darmstadt,0.035990138346531905,0.6037525143185594,0.3602573473349087
Erfurt_Mannheim,0.23724834667312447,0.697807404212542,0.06494424911433366
Erfurt_Giessen,0.1347276936443825,0.4765453325290449,0.3887269738265727
Erfurt_Fulda,0.583994324728789,0.12267271943945685,0.2933329558317541
Erfurt_Stuttgart,0.1498023027761558,0.16716531746718644,0.6830323797566579
Erfurt_Karlsruhe,0.24910256356996446,0.14518752944938765,0.6057099069806479
Erfurt_Muenchen,0.8041576375895022,0.11772791828323158,0.0781144441272662
Erfurt_Augsburg,0.06919113391822283,0.3677535676061667,0.5630552984756105
Erfurt_Nuernberg,0.4266925389159047,0.24405474270880181,0.3292527183752935
Erfurt_Bayreuth,0.9927176229382729,0.004841111771330865,0.002441265290396186
Erfurt_Wuerzburg,0.46735856163048206,0.4231998020124566,0.10944163635706122
Chemnitz_Schwerin,0.6433835273267885,0.24936440333351123,0.10725206933970038
Chemnitz_Magdeburg,0.6629782346961468,0.14557243631652608,0.1914493289873271
Chemnitz_Hamburg,0.22622215760743,0.20744572020243507,0.5663321221901351
Chemnitz_Hannover,0.820070090746861,0.1019352731662032,0.07799463608693577
Chemnitz_Bielefeld,0.21694786911763933,0.021221386147685053,0.7618307447346755
Chemnitz_Braunschweig,0.18392710116086924,0.7452053843896961,0.07086751444943462
Chemnitz_Frankfurt,0.22723978451985805,0.694803841157411,0.07795637432273096
Chemnitz_Mannheim,0.523692493047876,0.14649877927780855,0.3298087276743155
Chemnitz_Giessen,0.09504797167267079,0.05704773518966544,0.8479042931376638
Chemnitz_Stuttgart,0.2206941556212666,0.12193672629704123,0.6573691180816921
Chemnitz_Karlsruhe,0.3110719850621211,0.05172875573142345,0.6371992592064555
Chemnitz_Muenchen,0.14469884408629957,0.14284632551091364,0.7124548304027869
Chemnitz_Augsburg,0.14139859525139672,0.6021582691697487,0.2564431355788546
Chemnitz_Nuernberg,0.6058741241122895,0.05985187287265623,0.3342740030150544
Chemnitz_Bayreuth,0.16835463488090915,0.15990847827731644,0.6717368868417745
Chemnitz_Wuerzburg,0.07165112344841867,0.1097856382707184,0.818563238280863
Schwerin_Magdeburg,0.6286332552456442,0.30061030574636194,0.07075643900799383
Schwerin_Greifswald,0.8828092431569645,0.11719075684303547
Schwerin_Hamburg,0.7119220671158737,0.017329099574621067,0.2707488333095052
Schwerin_Bremen,0.4241116398914282,0.12640154090178377,0.44948681920678807
Schwerin_Kiel,0.3170130609661251,0.12708427386011517,0.5559026651737597
Schwerin_Hannover,0.14361252116446063,0.4289216294653557,0.4274658493701836
Schwerin_Bielefeld,0.3754686401048815,0.17162967352775124,0.4529016863673672
Schwerin_Frankfurt,0.24106773684551247,0.17827487897627856,0.580657384178209
Schwerin_Mannheim,0.051650964169600536,0.5286898092214365,0.419659226608963
Schwerin_Stuttgart,0.11967591786742718,0.4717646053748364,0.4085594767577365
Schwerin_Karlsruhe,0.5400162414123276,0.45542580433046764,0.004557954257204626
Schwerin_Muenchen,0.6833236365988377,0.17170298422718155,0.14497337917398087
Schwerin_Augsburg,0.6566236072882408,0.3068312130233522,0.03654517968840704
Schwerin_Nuernberg,0.3049277161370329,0.33423454813705894,0.3608377357259082
Schwerin_Wuerzburg,0.053692296477658656,0.25888036798039843,0.6874273355419429
Magdeburg_Greifswald,0.5986550432368992,0.34337514539467967,0.057969811368421206
Magdeburg_Hamburg,0.47480992928786525,0.3047165940815826,0.22047347663055206
Magdeburg_Bremen,0.6525888821222766,0.2108354275711667,0.13657569030655675
Magdeburg_Kiel,0.7385230379561575,0.19228156721040862,0.06919539483343382
Magdeburg_Hannover,0.21152552504662567,0.01076835403033648,0.7777061209230378
Magdeburg_Bielefeld,0.3166874632026428,0.009653289223552608,0.6736592475738046
Magdeburg_Braunschweig,0.04446212064488145,0.6537374248861462,0.3018004544689724
Magdeburg_Frankfurt,0.05498967591746348,0.2219365786114333,0.7230737454711033
Magdeburg_Mannheim,0.22922340919787113,0.2684512178264944,0.5023253729756344
Magdeburg_Stuttgart,0.1470012089670709,0.12364746030574711,0.7293513307271821
Magdeburg_Karlsruhe,0.2422115832567633,0.5009556250641174,0.25683279167911915
Magdeburg_Muenchen,0.703534410414322,0.2246565458598143,0.07180904372586375
Magdeburg_Augsburg,0.25599138166524965,0.04129061264858554,0.7027180056861648
Magdeburg_Nuernberg,0.03338284610294793,0.789006235077724,0.17761091881932806
Magdeburg_Bayreuth,0.5123124400558033,0.24042026009124154,0.24726729985295517
Magdeburg_Wuerzburg,0.21885562018502688,0.16650299885786868,0.6146413809571044
Greifswald_Hamburg,0.1320057578670825,0.34489844893481797,0.5230957931980995
Greifswald_Bremen,0.6618126773594681,0.23446921429038772,0.10371810835014403
Greifswald_Kiel,0.0758905559748883,0.8892040770666321,0.034905366958479685
Greifswald_Hannover,0.4852661689166474,0.10837721020324738,0.40635662088010516
Greifswald_Bielefeld,0.14524156920103204,0.4136977374439835,0.44106069335498443
Greifswald_Frankfurt,0.5504069857850695,0.31417560713780124,0.13541740707712915
Greifswald_Karlsruhe,0.31478005267032244,0.6777969900833961,0.00742295724628139
Hamburg_Bremen,0.6033374497099013,0.02384217668374419,0.37282037360635445
Hamburg_Kiel,0.2096025262452631,0.6383640437283383,0.15203343002639874
Hamburg_Oldenburg,0.616301012917289,0.18333681984189434,0.20036216724081665
Hamburg_Flensburg,0.0059693394399549975,0.18826737541364555,0.8057632851463995
Hamburg_Bremerhaven,0.20319062984149414,0.796141723436044,0.0006676467224619272
Hamburg_Norden,0.3487776183132726,0.013663035411774032,0.6375593462749534
Hamburg_Hannover,0.9515943722605253,0.008114491488829497,0.04029113625064516
Hamburg_Bielefeld,0.5412464982649088,0.3695698094891862,0.08918369224590492
Hamburg_Braunschweig,0.42073355872902624,0.2953236193367353,0.2839428219342385
Hamburg_Osnabrueck,0.39150163594630993,0.13694388994331744,0.4715544741103726
Hamburg_Kassel,0.16515554971588173,0.31088902972960797,0.5239554205545104
Hamburg_Frankfurt,0.3567439580899126,0.3958493475342735,0.2474066943758139
Hamburg_Darmstadt,0.3639536725626397,0.4516654898429385,0.18438083759442167
Hamburg_Mannheim,0.3815059885038752,0.5502885642877016,0.06820544720842328
Hamburg_Giessen,0.08736499781799169,0.5700145408243444,0.3426204613576639
Hamburg_Fulda,0.2954995291463724,0.4743454163844565,0.2301550544691712
Hamburg_Saarbruecken,0.1485934347587057,0.21394184179657993,0.6374647234447143
Hamburg_Stuttgart,0.04568594962597772,0.8219829966586442,0.13233105371537823
Hamburg_Karlsruhe,0.21886245044694064,0.08423111979602226,0.696906429757037
Hamburg_Ulm,0.6462413066042701,0.27751313612129686,0.07624555727443298
Hamburg_Freiburg,0.019142053595165277,0.18618311906969295,0.7946748273351418
Hamburg_Muenchen,0.10051184739302106,0.5030196342622514,0.3964685183447276
Hamburg_Augsburg,0.2599822399321614,0.08018164993648068,0.6598361101313579
Hamburg_Nuernberg,0.20378760366115228,0.4308564850046328,0.3653559113342148
Hamburg_Wuerzburg,0.5824785367508755,0.030788589199844316,0.3867328740492801
Hamburg_Regensburg,0.6006565364023366,0.07762078804876263,0.3217226755489007
Bremen_Kiel,0.04645604161001811,0.7296698070825203,0.22387415130746152
Bremen_Oldenburg,0.3348606385568984,0.6421073818431188,0.0230319795999829
Bremen_Flensburg,0.10158977090346899,0.2873792304189928,0.6110309986775381
Bremen_Bremerhaven,0.00918565441177839,0.7586775530900547,0.2321367924981669
Bremen_Norden,0.21653926360258083,0.7834607363974191
Bremen_Hannover,0.03323030969945407,0.38139023548972034,0.5853794548108257
Bremen_Bielefeld,0.11484024401510094,0.16624163994920518,0.7189181160356939
Bremen_Braunschweig,0.294907208638566,0.04028465878717692,0.6648081325742572
Bremen_Osnabrueck,0.5441930876883088,0.3240635297526265,0.13174338255906465
Bremen_Kassel,0.05320752052709789,0.4849353139199078,0.4618571655529944
Bremen_Frankfurt,0.2870318995201285,0.6755020911549731,0.037466009324898415
Bremen_Darmstadt,0.04746548468408317,0.7468687509698966,0.20566576434602038
Bremen_Mannheim,0.3593123567931091,0.6378026873460146,0.0028849558608762386
Bremen_Giessen,0.16015494338635464,0.8325558979591888,0.007289158654456472
Bremen_Trier,0.5648659284883604,0.04103511444393877,0.39409895706770076
Bremen_Stuttgart,0.19619204527931483,0.6607939241859903,0.14301403053469489
Bremen_Karlsruhe,0.6101359454493187,0.14740962139816563,0.2424544331525156
Bremen_Muenchen,0.7844185094620351,0.0250754507498742,0.1905060397880907
Bremen_Augsburg,0.2708838919304607,0.6609261850306517,0.06818992303888761
Bremen_Nuernberg,0.6713188714039685,0.13349085837628524,0.19519027021974625
Bremen_Wuerzburg,0.26722957068576686,0.0008019205406586849,0.7319685087735744
Kiel_Oldenburg,0.9627709885470684,0.005365061580581801,0.031863949872349716
Kiel_Flensburg,0.03052548057326269,0.30321442187995423,0.6662600975467831
Kiel_Bremerhaven,0.22118077374324704,0.6480852352196012,0.13073399103715158
Kiel_Hannover,0.6761370050264575,0.03359315371768698,0.29026984125585564
Kiel_Bielefeld,0.10823642766461235,0.2320424897109665,0.6597210826244211
Kiel_Braunschweig,0.12254129004310944,0.33575333826056614,0.5417053716963245
Kiel_Kassel,0.2912979272037482,0.10195013382490735,0.6067519389713444
Kiel_Frankfurt,0.6158764915974327,0.20638021621329528,0.1777432921892719
Kiel_Darmstadt,0.35043426847782655,0.14836218143674734,0.501203550085426
Kiel_Mannheim,0.13358994892028525,0.5180962711188999,0.3483137799608148
Kiel_Stuttgart,0.2727049245915651,0.6171949423230856,0.11010013308534927
Kiel_Karlsruhe,0.6499744167648898,0.19110244493406942,0.15892313830104093
Kiel_Muenchen,0.27140514918017694,0.07639471004969582,0.6522001407701272
Kiel_Augsburg,0.5615052228556224,0.24878415430054152,0.18971062284383602
Kiel_Nuernberg,0.37895633835044845,0.05105588785642125,0.5699877737931303
Kiel_Bayreuth,0.10278686917119687,0.7194989838325299,0.17771414699627333
Kiel_Wuerzburg,0.5312953362763779,0.3353921030738593,0.13331256064976277
Oldenburg_Bremerhaven,0.9164100702455122,0.022132837974907758,0.06145709177957992
Oldenburg_Norden,0.19888708483335954,0.8011129151666404
Oldenburg_Hannover,0.28150465112978784,0.6100441791663391,0.10845116970387292
Oldenburg_Bielefeld,0.06564110055988868,0.17838710699836224,0.7559717924417491
Oldenburg_Osnabrueck,0.20469503138936246,0.73327625022609,0.06202871838454768
Oldenburg_Frankfurt,0.6362793431348084,0.07837499824680336,0.2853456586183881
Oldenburg_Stuttgart,0.6063847746012339,0.3561358097009302,0.037479415697836006
Oldenburg_Muenchen,0.23115727797073038,0.40007186498418945,0.3687708570450801
Flensburg_Bremerhaven,0.6503189110969426,0.34350736230352913,0.006173726599528271
Flensburg_Hannover,0.5296395782911962,0.1418934828367411,0.3284669388720627
Flensburg_Bielefeld,0.671404860455852,0.16771077522958308,0.16088436431456496
Flensburg_Frankfurt,0.012813198511241112,0.7185733793582911,0.2686134221304677
Bremerhaven_Hannover,0.05384121976367911,0.6658754171155785,0.2802833631207423
Bremerhaven_Bielefeld,0.5585838525929064,0.11453980269938592,0.3268763447077076
Bremerhaven_Frankfurt,0.6263450211671868,0.12382211082860954,0.2498328680042037
Norden_Hannover,0.26659788855762623,0.29328336875419836,0.44011874268817547
Norden_Bielefeld,0.021997199644356005,0.926776675541288,0.05122612481435612
Norden_Osnabrueck,0.2284238770001359,0.1683348954152479,0.6032412275846162
Norden_Frankfurt,0.025284866632472227,0.9654800047764613,0.009235128591066587
Norden_Saarbruecken,0.18441479924623141,0.1662963047464918,0.6492888960072769
Norden_Konstanz,0.3216705332065394,0.14214616494471338,0.5361833018487474
Norden_Muenchen,0.6032343834281484,0.24993117941546866,0.14683443715638306
Norden_Passau,0.32359895060619664,0.5548262231311928,0.12157482626261072
Hannover_Bielefeld,0.4302966725639698,0.5125863466284644,0.05711698080756583
Hannover_Braunschweig,0.15252530086015334,0.25794346294565124,0.5895312361941955
Hannover_Osnabrueck,0.8483055571761012,0.1337437314482973,0.017950711375601437
Hannover_Kassel,0.35342800437030897,0.62224692190787,0.024325073721821095
Hannover_Frankfurt,0.28109357860353973,0.3432298786560836,0.37567654274037665
Hannover_Darmstadt,0.016641548271366397,0.0568710433098346,0.9264874084187991
Hannover_Mannheim,0.700733038803234,0.05908403192613218,0.2401829292706338
Hannover_Giessen,0.3293862609865383,0.4819613059200353,0.1886524330934265
Hannover_Trier,0.3251856825144963,0.28706324311001347,0.3877510743754902
Hannover_Fulda,0.7067031810383513,0.061166622842166,0.2321301961194827
Hannover_Saarbruecken,0.13818599025649123,0.0752015167280252,0.7866124930154836
Hannover_Stuttgart,0.5554492306661984,0.14958430083729518,0.29496646849650643
Hannover_Karlsruhe,0.062211879057114235,0.24413045509333867,0.693657665849547
Hannover_Ulm,0.04726289063333464,0.6115550546576816,0.3411820547089839
Hannover_Konstanz,0.7045606598944201,0.0544967239007668,0.2409426162048131
Hannover_Freiburg,0.4457508658203241,0.12476857847476262,0.42948055570491334
Hannover_Muenchen,0.5371816689098227,0.19540856277479857,0.2674097683153788
Hannover_Augsburg,0.5844423276351417,0.09906288499754537,0.316494787367313
Hannover_Nuernberg,0.15239101148978376,0.8330269145173127,0.01458207399290344
Hannover_Wuerzburg,0.3017115019201467,0.6259235604152019,0.07236493766465127
Bielefeld_Braunschweig,0.7162310141961198,0.061283783357999826,0.22248520244588044
Bielefeld_Osnabrueck,0.5907348384613995,0.3216356614559008,0.08762950008269967
Bielefeld_Kassel,0.03442030837967119,0.08210570774331359,0.8834739838770151
Bielefeld_Frankfurt,0.0550125482359267,0.025674153361306268,0.9193132984027671
Bielefeld_Darmstadt,0.1472122866624829,0.5241965354812976,0.32859117785621933
Bielefeld_Mannheim,0.40074021520072595,0.253449451634698,0.34581033316457604
Bielefeld_Giessen,0.10316233804517208,0.802468296813942,0.0943693651408858
Bielefeld_Fulda,0.31967096159828834,0.5296365224859805,0.15069251591573113
Bielefeld_Saarbruecken,0.40998703959037086,0.1860991534484081,0.4039138069612209
Bielefeld_Stuttgart,0.18052709123708605,0.7773488623850617,0.042124046377852095
Bielefeld_Karlsruhe,0.31849245737313187,0.00438832744918607,0.677119215177682
Bielefeld_Ulm,0.3627020555769641,0.5385421614226539,0.09875578300038201
Bielefeld_Muenchen,0.023998745527823568,0.5245266212746479,0.45147463319752856
Bielefeld_Augsburg,0.844171452404635,0.06735166090602455,0.08847688668934049
Bielefeld_Nuernberg,0.38522444401903005,0.5697622077611815,0.04501334821978858
Bielefeld_Bayreuth,0.38543977718504324,0.5781457211767335,0.03641450163822324
Bielefeld_Wuerzburg,0.5812504983815472,0.21632427178500815,0.20242522983344463
Braunschweig_Kassel,0.26808930063877845,0.5767592311395211,0.15515146822170042
Braunschweig_Frankfurt,0.00214552779296317,0.21057189090861977,0.7872825812984171
Braunschweig_Stuttgart,0.3550573029903546,0.3714342932157043,0.27350840379394104
Braunschweig_Karlsruhe,0.36614897324472323,0.6220866737389699,0.011764353016306895
Braunschweig_Muenchen,0.47834587330961037,0.2079007010531068,0.3137534256372828
Osnabrueck_Frankfurt,0.2273791794362804,0.5478116033395928,0.22480921722412686
Osnabrueck_Stuttgart,0.11510898707715624,0.06723469420630987,0.817656318716534
Osnabrueck_Muenchen,0.8550399297945014,0.018636269762680586,0.12632380044281802
Kassel_Frankfurt,0.4937380492007189,0.020156088871285206,0.486105861927996
Kassel_Darmstadt,0.22714381688937113,0.1819944391672685,0.5908617439433604
Kassel_Mannheim,0.13740047676250544,0.8338327268984294,0.028766796339065318
Kassel_Giessen,0.6909463569289443,0.0976223525272441,0.21143129054381155
Kassel_Fulda,0.539059099560953,0.06578623387174085,0.395154666567306
Kassel_Stuttgart,0.2924250601144018,0.6440902271937848,0.06348471269181333
